{
  "mu_face": {
    "scale": [
      0.01328935194760561,
      0.01328935194760561,
      0.01328935194760561
    ],
    "rotation_euler": [
      1.5707963705062866,
      -0.0,
      0.0
    ],
    "location": [
      0.0,
      0.016034485772252083,
      -0.0003048782527912408
    ],
    "matrix_world": [
      [
        0.01328935194760561,
        0.0,
        0.0,
        0.0
      ],
      [
        0.0,
        -5.808959979702877e-10,
        -0.01328935194760561,
        0.016034485772252083
      ],
      [
        0.0,
        0.01328935194760561,
        -5.808959979702877e-10,
        -0.0003048782527912408
      ],
      [
        0.0,
        0.0,
        0.0,
        1.0
      ]
    ]
  },
  "metarig": {
    "scale": [
      1.0,
      1.0,
      1.0
    ],
    "rotation_euler": [
      0.0,
      0.0,
      0.0
    ],
    "location": [
      0.0,
      0.0,
      0.0
    ],
    "matrix_world": [
      [
        1.0,
        0.0,
        0.0,
        0.0
      ],
      [
        0.0,
        1.0,
        0.0,
        0.0
      ],
      [
        0.0,
        0.0,
        1.0,
        0.0
      ],
      [
        0.0,
        0.0,
        0.0,
        1.0
      ]
    ],
    "bones": {
      "face": {
        "head": [
          0.0,
          0.08856664597988129,
          -0.06525981426239014
        ],
        "tail": [
          0.0,
          0.08856664597988129,
          0.0259401798248291
        ],
        "length": 0.09119999408721924,
        "scale": [
          1.0,
          1.0,
          1.0
        ],
        "rotation_euler": [
          0.0,
          0.0,
          0.0
        ],
        "location": [
          0.0,
          0.0,
          0.0
        ],
        "parent": "None",
        "children": [
          "nose",
          "lip.T.L",
          "lip.B.L",
          "jaw",
          "ear.L",
          "ear.R",
          "lip.T.R",
          "lip.B.R",
          "brow.B.L",
          "lid.T.L",
          "brow.B.R",
          "lid.T.R",
          "forehead.L",
          "forehead.R",
          "cheek.T.L",
          "cheek.T.R"
        ],
        "matrix": [
          [
            1.0,
            0.0,
            0.0,
            0.0
          ],
          [
            0.0,
            0.0,
            -1.0,
            0.08856664597988129
          ],
          [
            0.0,
            1.0,
            0.0,
            -0.06525981426239014
          ],
          [
            0.0,
            0.0,
            0.0,
            1.0
          ]
        ],
        "matrix_basis": [
          [
            1.0,
            0.0,
            0.0,
            0.0
          ],
          [
            0.0,
            1.0,
            0.0,
            0.0
          ],
          [
            0.0,
            0.0,
            1.0,
            0.0
          ],
          [
            0.0,
            0.0,
            0.0,
            1.0
          ]
        ]
      },
      "nose": {
        "head": [
          0.0008113877847790718,
          -0.05251520872116089,
          0.04664146900177002
        ],
        "tail": [
          -0.000283445930108428,
          -0.06767743825912476,
          0.020573731511831284
        ],
        "length": 0.03017646074295044,
        "scale": [
          1.0,
          1.0,
          1.0
        ],
        "rotation_euler": [
          0.0,
          0.0,
          0.0
        ],
        "location": [
          0.0,
          0.0,
          0.0
        ],
        "parent": "face",
        "children": [
          "nose.001"
        ],
        "matrix": [
          [
            0.9993413686752319,
            -0.036281052976846695,
            0.0007928013801574707,
            0.0008113877847790718
          ],
          [
            -0.018927335739135742,
            -0.5024522542953491,
            0.8643984198570251,
            -0.05251520872116089
          ],
          [
            -0.030962897464632988,
            -0.8638435006141663,
            -0.5028080344200134,
            0.04664146900177002
          ],
          [
            0.0,
            0.0,
            0.0,
            1.0
          ]
        ],
        "matrix_basis": [
          [
            1.0,
            0.0,
            0.0,
            0.0
          ],
          [
            0.0,
            1.0,
            0.0,
            0.0
          ],
          [
            0.0,
            0.0,
            1.0,
            0.0
          ],
          [
            0.0,
            0.0,
            0.0,
            1.0
          ]
        ]
      },
      "nose.001": {
        "head": [
          -0.000283445930108428,
          -0.06767743825912476,
          0.020573731511831284
        ],
        "tail": [
          1.945788972079754e-05,
          -0.07848256826400757,
          -0.0008468646556138992
        ],
        "length": 0.02399342693388462,
        "scale": [
          1.0,
          1.0,
          1.0
        ],
        "rotation_euler": [
          0.0,
          0.0,
          0.0
        ],
        "location": [
          0.0,
          0.0,
          0.0
        ],
        "parent": "nose",
        "children": [
          "nose.002"
        ],
        "matrix": [
          [
            0.9999181628227234,
            0.012624451890587807,
            -0.002075999742373824,
            -0.000283445930108428
          ],
          [
            0.007539312820881605,
            -0.45033708214759827,
            0.8928274512290955,
            -0.06767743825912476
          ],
          [
            0.010336577892303467,
            -0.892769455909729,
            -0.45039549469947815,
            0.020573731511831284
          ],
          [
            0.0,
            0.0,
            0.0,
            1.0
          ]
        ],
        "matrix_basis": [
          [
            1.0,
            0.0,
            0.0,
            0.0
          ],
          [
            0.0,
            1.0,
            0.0,
            0.0
          ],
          [
            0.0,
            0.0,
            1.0,
            0.0
          ],
          [
            0.0,
            0.0,
            0.0,
            1.0
          ]
        ]
      },
      "nose.002": {
        "head": [
          1.945788972079754e-05,
          -0.07848256826400757,
          -0.0008468646556138992
        ],
        "tail": [
          0.00040717891533859074,
          -0.07223768532276154,
          -0.011248470284044743
        ],
        "length": 0.01213846355676651,
        "scale": [
          1.0,
          1.0,
          1.0
        ],
        "rotation_euler": [
          0.0,
          0.0,
          0.0
        ],
        "location": [
          0.0,
          0.0,
          0.0
        ],
        "parent": "nose.001",
        "children": [
          "nose.003"
        ],
        "matrix": [
          [
            0.9993948936462402,
            0.03194153681397438,
            0.013769449666142464,
            1.945788972079754e-05
          ],
          [
            -0.02825116738677025,
            0.5144708752632141,
            0.8570431470870972,
            -0.07848256826400757
          ],
          [
            0.020291324704885483,
            -0.8569132089614868,
            0.5150613784790039,
            -0.0008468646556138992
          ],
          [
            0.0,
            0.0,
            0.0,
            1.0
          ]
        ],
        "matrix_basis": [
          [
            1.0,
            0.0,
            0.0,
            0.0
          ],
          [
            0.0,
            1.0,
            0.0,
            0.0
          ],
          [
            0.0,
            0.0,
            1.0,
            0.0
          ],
          [
            0.0,
            0.0,
            0.0,
            1.0
          ]
        ]
      },
      "nose.003": {
        "head": [
          0.00040717891533859074,
          -0.07223768532276154,
          -0.011248470284044743
        ],
        "tail": [
          0.003318802220746875,
          -0.05978599190711975,
          -0.01563727855682373
        ],
        "length": 0.013519758358597755,
        "scale": [
          1.0,
          1.0,
          1.0
        ],
        "rotation_euler": [
          0.0,
          0.0,
          0.0
        ],
        "location": [
          0.0,
          0.0,
          0.0
        ],
        "parent": "nose.002",
        "children": [
          "nose.004"
        ],
        "matrix": [
          [
            0.9754433035850525,
            0.21536076068878174,
            0.046153128147125244,
            0.00040717891533859074
          ],
          [
            -0.21859756112098694,
            0.9210003018379211,
            0.3224513828754425,
            -0.07223768532276154
          ],
          [
            0.026936404407024384,
            -0.3246220350265503,
            0.9454602599143982,
            -0.011248470284044743
          ],
          [
            0.0,
            0.0,
            0.0,
            1.0
          ]
        ],
        "matrix_basis": [
          [
            1.0,
            0.0,
            0.0,
            0.0
          ],
          [
            0.0,
            1.0,
            0.0,
            0.0
          ],
          [
            0.0,
            0.0,
            1.0,
            0.0
          ],
          [
            0.0,
            0.0,
            0.0,
            1.0
          ]
        ]
      },
      "nose.004": {
        "head": [
          0.003318802220746875,
          -0.05978599190711975,
          -0.01563727855682373
        ],
        "tail": [
          -0.00011209771037101746,
          -0.05790284276008606,
          -0.02726137638092041
        ],
        "length": 0.012265275232493877,
        "scale": [
          1.0,
          1.0,
          1.0
        ],
        "rotation_euler": [
          0.0,
          0.0,
          0.0
        ],
        "location": [
          0.0,
          0.0,
          0.0
        ],
        "parent": "nose.003",
        "children": [],
        "matrix": [
          [
            0.9596803188323975,
            -0.27972468733787537,
            0.02771065942943096,
            0.003318802220746875
          ],
          [
            0.016223154962062836,
            0.15353500843048096,
            0.9880107045173645,
            -0.05978599190711975
          ],
          [
            -0.2806253433227539,
            -0.9477242827415466,
            0.15188223123550415,
            -0.01563727855682373
          ],
          [
            0.0,
            0.0,
            0.0,
            1.0
          ]
        ],
        "matrix_basis": [
          [
            1.0,
            0.0,
            0.0,
            0.0
          ],
          [
            0.0,
            1.0,
            0.0,
            0.0
          ],
          [
            0.0,
            0.0,
            1.0,
            0.0
          ],
          [
            0.0,
            0.0,
            0.0,
            1.0
          ]
        ]
      },
      "lip.T.L": {
        "head": [
          -0.00013531040167436004,
          -0.06058204174041748,
          -0.038228631019592285
        ],
        "tail": [
          0.017678137868642807,
          -0.05367642641067505,
          -0.04065835475921631
        ],
        "length": 0.019259024411439896,
        "scale": [
          1.0,
          1.0,
          1.0
        ],
        "rotation_euler": [
          0.0,
          0.0,
          0.0
        ],
        "location": [
          0.0,
          0.0,
          0.0
        ],
        "parent": "face",
        "children": [
          "lip.T.L.001"
        ],
        "matrix": [
          [
            0.3547016978263855,
            0.9249401688575745,
            0.1366458237171173,
            -0.00013531040167436004
          ],
          [
            -0.9334962368011475,
            0.358565092086792,
            -0.003941893577575684,
            -0.06058204174041748
          ],
          [
            -0.05264240503311157,
            -0.12616023421287537,
            0.9906120300292969,
            -0.038228631019592285
          ],
          [
            0.0,
            0.0,
            0.0,
            1.0
          ]
        ],
        "matrix_basis": [
          [
            1.0,
            0.0,
            0.0,
            0.0
          ],
          [
            0.0,
            1.0,
            0.0,
            0.0
          ],
          [
            0.0,
            0.0,
            1.0,
            0.0
          ],
          [
            0.0,
            0.0,
            0.0,
            1.0
          ]
        ]
      },
      "lip.T.L.001": {
        "head": [
          0.017678137868642807,
          -0.05367642641067505,
          -0.04065835475921631
        ],
        "tail": [
          0.03165748342871666,
          -0.03792746365070343,
          -0.04888284206390381
        ],
        "length": 0.022607389837503433,
        "scale": [
          1.0,
          1.0,
          1.0
        ],
        "rotation_euler": [
          0.0,
          0.0,
          0.0
        ],
        "location": [
          0.0,
          0.0,
          0.0
        ],
        "parent": "lip.T.L",
        "children": [],
        "matrix": [
          [
            0.7649122476577759,
            0.6183527708053589,
            0.18041329085826874,
            0.017678137868642807
          ],
          [
            -0.6397404670715332,
            0.6966289281845093,
            0.32471510767936707,
            -0.05367642641067505
          ],
          [
            0.07510733604431152,
            -0.3637963831424713,
            0.9284454584121704,
            -0.04065835475921631
          ],
          [
            0.0,
            0.0,
            0.0,
            1.0
          ]
        ],
        "matrix_basis": [
          [
            1.0,
            0.0,
            0.0,
            0.0
          ],
          [
            0.0,
            1.0,
            0.0,
            0.0
          ],
          [
            0.0,
            0.0,
            1.0,
            0.0
          ],
          [
            0.0,
            0.0,
            0.0,
            1.0
          ]
        ]
      },
      "lip.B.L": {
        "head": [
          -8.338366751559079e-05,
          -0.05562722682952881,
          -0.05663323402404785
        ],
        "tail": [
          0.018089456483721733,
          -0.04919306933879852,
          -0.05532634258270264
        ],
        "length": 0.019322486594319344,
        "scale": [
          1.0,
          1.0,
          1.0
        ],
        "rotation_euler": [
          0.0,
          0.0,
          0.0
        ],
        "location": [
          0.0,
          0.0,
          0.0
        ],
        "parent": "face",
        "children": [
          "lip.B.L.001"
        ],
        "matrix": [
          [
            0.33827006816864014,
            0.9405023455619812,
            -0.032078057527542114,
            -8.338366751559079e-05
          ],
          [
            -0.9363570809364319,
            0.3329881727695465,
            -0.11115142703056335,
            -0.05562722682952881
          ],
          [
            -0.09385661780834198,
            0.06763577461242676,
            0.9932857155799866,
            -0.05663323402404785
          ],
          [
            0.0,
            0.0,
            0.0,
            1.0
          ]
        ],
        "matrix_basis": [
          [
            1.0,
            0.0,
            0.0,
            0.0
          ],
          [
            0.0,
            1.0,
            0.0,
            0.0
          ],
          [
            0.0,
            0.0,
            1.0,
            0.0
          ],
          [
            0.0,
            0.0,
            0.0,
            1.0
          ]
        ]
      },
      "lip.B.L.001": {
        "head": [
          0.018089456483721733,
          -0.04919306933879852,
          -0.05532634258270264
        ],
        "tail": [
          0.03165748715400696,
          -0.03792746365070343,
          -0.04888284206390381
        ],
        "length": 0.01877562329173088,
        "scale": [
          1.0,
          1.0,
          1.0
        ],
        "rotation_euler": [
          0.0,
          0.0,
          0.0
        ],
        "location": [
          0.0,
          0.0,
          0.0
        ],
        "parent": "lip.B.L",
        "children": [],
        "matrix": [
          [
            0.6803892254829407,
            0.7226409316062927,
            -0.12190548330545425,
            0.018089456483721733
          ],
          [
            -0.7050127983093262,
            0.6000125408172607,
            -0.37807705998420715,
            -0.04919306933879852
          ],
          [
            -0.2000691443681717,
            0.3431845009326935,
            0.9177128672599792,
            -0.05532634258270264
          ],
          [
            0.0,
            0.0,
            0.0,
            1.0
          ]
        ],
        "matrix_basis": [
          [
            1.0,
            0.0,
            0.0,
            0.0
          ],
          [
            0.0,
            1.0,
            0.0,
            0.0
          ],
          [
            0.0,
            0.0,
            1.0,
            0.0
          ],
          [
            0.0,
            0.0,
            0.0,
            1.0
          ]
        ]
      },
      "jaw": {
        "head": [
          0.0007793858530931175,
          0.011756554245948792,
          -0.11460399627685547
        ],
        "tail": [
          -0.00024715898325666785,
          -0.039104338735342026,
          -0.10046923160552979
        ],
        "length": 0.05279844254255295,
        "scale": [
          1.0,
          1.0,
          1.0
        ],
        "rotation_euler": [
          0.0,
          0.0,
          0.0
        ],
        "location": [
          0.0,
          0.0,
          0.0
        ],
        "parent": "face",
        "children": [
          "chin"
        ],
        "matrix": [
          [
            0.9998036623001099,
            -0.019442707300186157,
            -0.0038165459409356117,
            0.0007793858530931175
          ],
          [
            -0.019754739478230476,
            -0.9633027911186218,
            -0.2676889896392822,
            0.011756554245948792
          ],
          [
            0.0015281107043847442,
            0.2677117586135864,
            -0.9634978175163269,
            -0.11460399627685547
          ],
          [
            0.0,
            0.0,
            0.0,
            1.0
          ]
        ],
        "matrix_basis": [
          [
            1.0,
            0.0,
            0.0,
            0.0
          ],
          [
            0.0,
            1.0,
            0.0,
            0.0
          ],
          [
            0.0,
            0.0,
            1.0,
            0.0
          ],
          [
            0.0,
            0.0,
            0.0,
            1.0
          ]
        ]
      },
      "chin": {
        "head": [
          -0.00024715898325666785,
          -0.039104338735342026,
          -0.10046923160552979
        ],
        "tail": [
          4.864457878284156e-05,
          -0.04703643545508385,
          -0.0859065055847168
        ],
        "length": 0.016585495322942734,
        "scale": [
          1.0,
          1.0,
          1.0
        ],
        "rotation_euler": [
          0.0,
          0.0,
          0.0
        ],
        "location": [
          0.0,
          0.0,
          0.0
        ],
        "parent": "jaw",
        "children": [
          "chin.001"
        ],
        "matrix": [
          [
            0.9998406171798706,
            0.017835073173046112,
            -0.0007644400466233492,
            -0.00024715898325666785
          ],
          [
            0.00785964448004961,
            -0.4782549738883972,
            -0.8781858086585999,
            -0.039104338735342026
          ],
          [
            -0.01602810248732567,
            0.8780398368835449,
            -0.4783189296722412,
            -0.10046923160552979
          ],
          [
            0.0,
            0.0,
            0.0,
            1.0
          ]
        ],
        "matrix_basis": [
          [
            1.0,
            0.0,
            0.0,
            0.0
          ],
          [
            0.0,
            1.0,
            0.0,
            0.0
          ],
          [
            0.0,
            0.0,
            1.0,
            0.0
          ],
          [
            0.0,
            0.0,
            0.0,
            1.0
          ]
        ]
      },
      "chin.001": {
        "head": [
          4.864457878284156e-05,
          -0.04703643545508385,
          -0.0859065055847168
        ],
        "tail": [
          -0.0001542311511002481,
          -0.04747624322772026,
          -0.06765174865722656
        ],
        "length": 0.018261181190609932,
        "scale": [
          1.0,
          1.0,
          1.0
        ],
        "rotation_euler": [
          0.0,
          0.0,
          0.0
        ],
        "location": [
          0.0,
          0.0,
          0.0
        ],
        "parent": "chin",
        "children": [],
        "matrix": [
          [
            0.9999381899833679,
            -0.011109670624136925,
            0.00035605928860604763,
            4.864457878284156e-05
          ],
          [
            8.839275687932968e-05,
            -0.02408432960510254,
            -0.9997098445892334,
            -0.04703643545508385
          ],
          [
            0.011115024797618389,
            0.9996480345726013,
            -0.024081766605377197,
            -0.0859065055847168
          ],
          [
            0.0,
            0.0,
            0.0,
            1.0
          ]
        ],
        "matrix_basis": [
          [
            1.0,
            0.0,
            0.0,
            0.0
          ],
          [
            0.0,
            1.0,
            0.0,
            0.0
          ],
          [
            0.0,
            0.0,
            1.0,
            0.0
          ],
          [
            0.0,
            0.0,
            0.0,
            1.0
          ]
        ]
      },
      "ear.L": {
        "head": [
          0.09922769665718079,
          0.06288531422615051,
          0.014765143394470215
        ],
        "tail": [
          0.10804169625043869,
          0.0704670399427414,
          0.041059136390686035
        ],
        "length": 0.02874966338276863,
        "scale": [
          1.0,
          1.0,
          1.0
        ],
        "rotation_euler": [
          0.0,
          0.0,
          0.0
        ],
        "location": [
          0.0,
          0.0,
          0.0
        ],
        "parent": "face",
        "children": [
          "ear.L.001"
        ],
        "matrix": [
          [
            0.948589026927948,
            0.3065774738788605,
            -0.07867030054330826,
            0.09922769665718079
          ],
          [
            -0.16406355798244476,
            0.26371529698371887,
            -0.9505458474159241,
            0.06288531422615051
          ],
          [
            -0.27066943049430847,
            0.9145843982696533,
            0.30045562982559204,
            0.014765143394470215
          ],
          [
            0.0,
            0.0,
            0.0,
            1.0
          ]
        ],
        "matrix_basis": [
          [
            1.0,
            0.0,
            0.0,
            0.0
          ],
          [
            0.0,
            1.0,
            0.0,
            0.0
          ],
          [
            0.0,
            0.0,
            1.0,
            0.0
          ],
          [
            0.0,
            0.0,
            0.0,
            1.0
          ]
        ]
      },
      "ear.L.001": {
        "head": [
          0.10804169625043869,
          0.0704670399427414,
          0.041059136390686035
        ],
        "tail": [
          0.1188010722398758,
          0.09139934182167053,
          0.05083334818482399
        ],
        "length": 0.025484517216682434,
        "scale": [
          1.0,
          1.0,
          1.0
        ],
        "rotation_euler": [
          0.0,
          0.0,
          0.0
        ],
        "location": [
          0.0,
          0.0,
          0.0
        ],
        "parent": "ear.L",
        "children": [
          "ear.L.002"
        ],
        "matrix": [
          [
            0.8967801928520203,
            0.42219284176826477,
            -0.13243304193019867,
            0.10804169625043869
          ],
          [
            -0.4402492940425873,
            0.8213733434677124,
            -0.3626658022403717,
            0.0704670399427414
          ],
          [
            -0.044337958097457886,
            0.38353532552719116,
            0.9224614500999451,
            0.041059136390686035
          ],
          [
            0.0,
            0.0,
            0.0,
            1.0
          ]
        ],
        "matrix_basis": [
          [
            1.0,
            0.0,
            0.0,
            0.0
          ],
          [
            0.0,
            1.0,
            0.0,
            0.0
          ],
          [
            0.0,
            0.0,
            1.0,
            0.0
          ],
          [
            0.0,
            0.0,
            0.0,
            1.0
          ]
        ]
      },
      "ear.L.002": {
        "head": [
          0.1188010722398758,
          0.09139934182167053,
          0.05083334818482399
        ],
        "tail": [
          0.10937095433473587,
          0.10286827385425568,
          0.008165005594491959
        ],
        "length": 0.045177992433309555,
        "scale": [
          1.0,
          1.0,
          1.0
        ],
        "rotation_euler": [
          0.0,
          0.0,
          0.0
        ],
        "location": [
          0.0,
          0.0,
          0.0
        ],
        "parent": "ear.L.001",
        "children": [
          "ear.L.003"
        ],
        "matrix": [
          [
            0.976377010345459,
            -0.20873263478279114,
            0.05584492161870003,
            0.1188010722398758
          ],
          [
            -0.0010511577129364014,
            0.25386103987693787,
            0.9672402143478394,
            0.09139934182167053
          ],
          [
            -0.21607133746147156,
            -0.9444498419761658,
            0.24764490127563477,
            0.05083334818482399
          ],
          [
            0.0,
            0.0,
            0.0,
            1.0
          ]
        ],
        "matrix_basis": [
          [
            1.0,
            0.0,
            0.0,
            0.0
          ],
          [
            0.0,
            1.0,
            0.0,
            0.0
          ],
          [
            0.0,
            0.0,
            1.0,
            0.0
          ],
          [
            0.0,
            0.0,
            0.0,
            1.0
          ]
        ]
      },
      "ear.L.003": {
        "head": [
          0.10937095433473587,
          0.10286827385425568,
          0.008165005594491959
        ],
        "tail": [
          0.09516295045614243,
          0.06402863562107086,
          -0.018924349918961525
        ],
        "length": 0.04943903163075447,
        "scale": [
          1.0,
          1.0,
          1.0
        ],
        "rotation_euler": [
          0.0,
          0.0,
          0.0
        ],
        "location": [
          0.0,
          0.0,
          0.0
        ],
        "parent": "ear.L.002",
        "children": [
          "ear.L.004"
        ],
        "matrix": [
          [
            0.6574650406837463,
            -0.28738436102867126,
            -0.6965270042419434,
            0.10937095433473587
          ],
          [
            0.2542096674442291,
            -0.785606861114502,
            0.564091682434082,
            0.10286827385425568
          ],
          [
            -0.7093075513839722,
            -0.5479345917701721,
            -0.4434531033039093,
            0.008165005594491959
          ],
          [
            0.0,
            0.0,
            0.0,
            1.0
          ]
        ],
        "matrix_basis": [
          [
            1.0,
            0.0,
            0.0,
            0.0
          ],
          [
            0.0,
            1.0,
            0.0,
            0.0
          ],
          [
            0.0,
            0.0,
            1.0,
            0.0
          ],
          [
            0.0,
            0.0,
            0.0,
            1.0
          ]
        ]
      },
      "ear.L.004": {
        "head": [
          0.09516295045614243,
          0.06402863562107086,
          -0.018924349918961525
        ],
        "tail": [
          0.09895956516265869,
          0.06250922381877899,
          0.013497361913323402
        ],
        "length": 0.03267859295010567,
        "scale": [
          1.0,
          1.0,
          1.0
        ],
        "rotation_euler": [
          0.0,
          0.0,
          0.0
        ],
        "location": [
          0.0,
          0.0,
          0.0
        ],
        "parent": "ear.L.003",
        "children": [],
        "matrix": [
          [
            0.7639450430870056,
            0.11618053913116455,
            0.6347360014915466,
            0.09516295045614243
          ],
          [
            0.6425464153289795,
            -0.046495676040649414,
            -0.764835000038147,
            0.06402863562107086
          ],
          [
            -0.059346459805965424,
            0.9921392202377319,
            -0.11017170548439026,
            -0.018924349918961525
          ],
          [
            0.0,
            0.0,
            0.0,
            1.0
          ]
        ],
        "matrix_basis": [
          [
            1.0,
            0.0,
            0.0,
            0.0
          ],
          [
            0.0,
            1.0,
            0.0,
            0.0
          ],
          [
            0.0,
            0.0,
            1.0,
            0.0
          ],
          [
            0.0,
            0.0,
            0.0,
            1.0
          ]
        ]
      },
      "ear.R": {
        "head": [
          -0.09922769665718079,
          0.06288531422615051,
          0.014765143394470215
        ],
        "tail": [
          -0.10804169625043869,
          0.0704670399427414,
          0.041059136390686035
        ],
        "length": 0.02874966338276863,
        "scale": [
          1.0,
          1.0,
          1.0
        ],
        "rotation_euler": [
          0.0,
          0.0,
          0.0
        ],
        "location": [
          0.0,
          0.0,
          0.0
        ],
        "parent": "face",
        "children": [
          "ear.R.001"
        ],
        "matrix": [
          [
            0.948589026927948,
            -0.3065774738788605,
            0.07867030054330826,
            -0.09922769665718079
          ],
          [
            0.16406355798244476,
            0.26371529698371887,
            -0.9505458474159241,
            0.06288531422615051
          ],
          [
            0.27066943049430847,
            0.9145843982696533,
            0.30045562982559204,
            0.014765143394470215
          ],
          [
            0.0,
            0.0,
            0.0,
            1.0
          ]
        ],
        "matrix_basis": [
          [
            1.0,
            0.0,
            0.0,
            0.0
          ],
          [
            0.0,
            1.0,
            0.0,
            0.0
          ],
          [
            0.0,
            0.0,
            1.0,
            0.0
          ],
          [
            0.0,
            0.0,
            0.0,
            1.0
          ]
        ]
      },
      "ear.R.001": {
        "head": [
          -0.10804169625043869,
          0.0704670399427414,
          0.041059136390686035
        ],
        "tail": [
          -0.1188010722398758,
          0.09139934182167053,
          0.05083334818482399
        ],
        "length": 0.025484517216682434,
        "scale": [
          1.0,
          1.0,
          1.0
        ],
        "rotation_euler": [
          0.0,
          0.0,
          0.0
        ],
        "location": [
          0.0,
          0.0,
          0.0
        ],
        "parent": "ear.R",
        "children": [
          "ear.R.002"
        ],
        "matrix": [
          [
            0.8967801928520203,
            -0.42219284176826477,
            0.13243304193019867,
            -0.10804169625043869
          ],
          [
            0.4402492940425873,
            0.8213733434677124,
            -0.3626658022403717,
            0.0704670399427414
          ],
          [
            0.044337958097457886,
            0.38353532552719116,
            0.9224614500999451,
            0.041059136390686035
          ],
          [
            0.0,
            0.0,
            0.0,
            1.0
          ]
        ],
        "matrix_basis": [
          [
            1.0,
            0.0,
            0.0,
            0.0
          ],
          [
            0.0,
            1.0,
            0.0,
            0.0
          ],
          [
            0.0,
            0.0,
            1.0,
            0.0
          ],
          [
            0.0,
            0.0,
            0.0,
            1.0
          ]
        ]
      },
      "ear.R.002": {
        "head": [
          -0.1188010722398758,
          0.09139934182167053,
          0.05083334818482399
        ],
        "tail": [
          -0.10937095433473587,
          0.10286827385425568,
          0.008165005594491959
        ],
        "length": 0.045177992433309555,
        "scale": [
          1.0,
          1.0,
          1.0
        ],
        "rotation_euler": [
          0.0,
          0.0,
          0.0
        ],
        "location": [
          0.0,
          0.0,
          0.0
        ],
        "parent": "ear.R.001",
        "children": [
          "ear.R.003"
        ],
        "matrix": [
          [
            0.976377010345459,
            0.20873263478279114,
            -0.05584492161870003,
            -0.1188010722398758
          ],
          [
            0.0010511577129364014,
            0.25386103987693787,
            0.9672402143478394,
            0.09139934182167053
          ],
          [
            0.21607133746147156,
            -0.9444498419761658,
            0.24764490127563477,
            0.05083334818482399
          ],
          [
            0.0,
            0.0,
            0.0,
            1.0
          ]
        ],
        "matrix_basis": [
          [
            1.0,
            0.0,
            0.0,
            0.0
          ],
          [
            0.0,
            1.0,
            0.0,
            0.0
          ],
          [
            0.0,
            0.0,
            1.0,
            0.0
          ],
          [
            0.0,
            0.0,
            0.0,
            1.0
          ]
        ]
      },
      "ear.R.003": {
        "head": [
          -0.10937095433473587,
          0.10286827385425568,
          0.008165005594491959
        ],
        "tail": [
          -0.09516295045614243,
          0.06402863562107086,
          -0.018924349918961525
        ],
        "length": 0.04943903163075447,
        "scale": [
          1.0,
          1.0,
          1.0
        ],
        "rotation_euler": [
          0.0,
          0.0,
          0.0
        ],
        "location": [
          0.0,
          0.0,
          0.0
        ],
        "parent": "ear.R.002",
        "children": [
          "ear.R.004"
        ],
        "matrix": [
          [
            0.6574650406837463,
            0.28738436102867126,
            0.6965270042419434,
            -0.10937095433473587
          ],
          [
            -0.2542096674442291,
            -0.785606861114502,
            0.564091682434082,
            0.10286827385425568
          ],
          [
            0.7093075513839722,
            -0.5479345917701721,
            -0.4434531033039093,
            0.008165005594491959
          ],
          [
            0.0,
            0.0,
            0.0,
            1.0
          ]
        ],
        "matrix_basis": [
          [
            1.0,
            0.0,
            0.0,
            0.0
          ],
          [
            0.0,
            1.0,
            0.0,
            0.0
          ],
          [
            0.0,
            0.0,
            1.0,
            0.0
          ],
          [
            0.0,
            0.0,
            0.0,
            1.0
          ]
        ]
      },
      "ear.R.004": {
        "head": [
          -0.09516295045614243,
          0.06402863562107086,
          -0.018924349918961525
        ],
        "tail": [
          -0.09895956516265869,
          0.06250922381877899,
          0.013497361913323402
        ],
        "length": 0.03267859295010567,
        "scale": [
          1.0,
          1.0,
          1.0
        ],
        "rotation_euler": [
          0.0,
          0.0,
          0.0
        ],
        "location": [
          0.0,
          0.0,
          0.0
        ],
        "parent": "ear.R.003",
        "children": [],
        "matrix": [
          [
            0.7639450430870056,
            -0.11618053913116455,
            -0.6347360014915466,
            -0.09516295045614243
          ],
          [
            -0.6425464153289795,
            -0.046495676040649414,
            -0.764835000038147,
            0.06402863562107086
          ],
          [
            0.059346459805965424,
            0.9921392202377319,
            -0.11017170548439026,
            -0.018924349918961525
          ],
          [
            0.0,
            0.0,
            0.0,
            1.0
          ]
        ],
        "matrix_basis": [
          [
            1.0,
            0.0,
            0.0,
            0.0
          ],
          [
            0.0,
            1.0,
            0.0,
            0.0
          ],
          [
            0.0,
            0.0,
            1.0,
            0.0
          ],
          [
            0.0,
            0.0,
            0.0,
            1.0
          ]
        ]
      },
      "lip.T.R": {
        "head": [
          0.00013531040167436004,
          -0.06058204174041748,
          -0.038228631019592285
        ],
        "tail": [
          -0.017678137868642807,
          -0.05367642641067505,
          -0.04065835475921631
        ],
        "length": 0.019259024411439896,
        "scale": [
          1.0,
          1.0,
          1.0
        ],
        "rotation_euler": [
          0.0,
          0.0,
          0.0
        ],
        "location": [
          0.0,
          0.0,
          0.0
        ],
        "parent": "face",
        "children": [
          "lip.T.R.001"
        ],
        "matrix": [
          [
            0.3547016978263855,
            -0.9249401688575745,
            -0.1366458237171173,
            0.00013531040167436004
          ],
          [
            0.9334962368011475,
            0.358565092086792,
            -0.003941893577575684,
            -0.06058204174041748
          ],
          [
            0.05264240503311157,
            -0.12616023421287537,
            0.9906120300292969,
            -0.038228631019592285
          ],
          [
            0.0,
            0.0,
            0.0,
            1.0
          ]
        ],
        "matrix_basis": [
          [
            1.0,
            0.0,
            0.0,
            0.0
          ],
          [
            0.0,
