{
  "mu_face": {
    "scale": [
      1.0,
      1.0,
      1.0
    ],
    "rotation_euler": [
      1.570796251296997,
      -0.0,
      0.0
    ],
    "location": [
      0.0,
      0.0,
      0.0
    ],
    "matrix_world": [
      [
        0.9999998807907104,
        0.0,
        0.0,
        0.0
      ],
      [
        0.0,
        7.549789415861596e-08,
        -0.9999998807907104,
        0.0
      ],
      [
        0.0,
        0.9999998807907104,
        7.549789415861596e-08,
        1.52587890625e-05
      ],
      [
        0.0,
        0.0,
        0.0,
        0.9999999403953552
      ]
    ]
  },
  "metarig": {
    "scale": [
      77.15608978271484,
      77.15608978271484,
      77.15608978271484
    ],
    "rotation_euler": [
      0.0,
      0.0,
      0.0
    ],
    "location": [
      0.0,
      7.651900291442871,
      -142.45870971679688
    ],
    "matrix_world": [
      [
        77.15608978271484,
        0.0,
        0.0,
        0.0
      ],
      [
        0.0,
        77.15608978271484,
        0.0,
        7.651900291442871
      ],
      [
        0.0,
        0.0,
        77.15608978271484,
        -142.45870971679688
      ],
      [
        0.0,
        0.0,
        0.0,
        1.0
      ]
    ],
    "bones": {
      "face": {
        "head": [
          0.0,
          -0.024700000882148743,
          1.7812999486923218
        ],
        "tail": [
          0.0,
          -0.024700000882148743,
          1.872499942779541
        ],
        "length": 0.09119999408721924,
        "scale": [
          1.0,
          1.0,
          1.0
        ],
        "rotation_euler": [
          0.0,
          0.0,
          0.0
        ],
        "location": [
          0.0,
          0.0,
          0.0
        ],
        "parent": "spine.006",
        "children": [
          "nose",
          "lip.T.L",
          "lip.B.L",
          "jaw",
          "ear.L",
          "ear.R",
          "lip.T.R",
          "lip.B.R",
          "brow.B.L",
          "lid.T.L",
          "brow.B.R",
          "lid.T.R",
          "forehead.L",
          "forehead.R",
          "cheek.T.L",
          "cheek.T.R"
        ],
        "matrix": [
          [
            1.0,
            0.0,
            0.0,
            0.0
          ],
          [
            0.0,
            0.0,
            -0.9999999403953552,
            -0.024700000882148743
          ],
          [
            0.0,
            0.9999997019767761,
            8.940696716308594e-08,
            1.7812999486923218
          ],
          [
            0.0,
            0.0,
            0.0,
            1.0
          ]
        ],
        "matrix_basis": [
          [
            1.0,
            0.0,
            0.0,
            0.0
          ],
          [
            0.0,
            1.0,
            0.0,
            0.0
          ],
          [
            0.0,
            0.0,
            1.0,
            0.0
          ],
          [
            0.0,
            0.0,
            0.0,
            1.0
          ]
        ]
      },
      "nose": {
        "head": [
          0.0007985918200574815,
          -0.16521614789962769,
          1.8974655866622925
        ],
        "tail": [
          4.359893500804901e-05,
          -0.17850424349308014,
          1.8704222440719604
        ],
        "length": 0.03014109842479229,
        "scale": [
          1.0,
          1.0,
          1.0
        ],
        "rotation_euler": [
          0.0,
          0.0,
          0.0
        ],
        "location": [
          0.0,
          0.0,
          0.0
        ],
        "parent": "face",
        "children": [
          "nose.001"
        ],
        "matrix": [
          [
            0.961453378200531,
            -0.02504861354827881,
            -0.27382493019104004,
            0.0007985918200574815
          ],
          [
            0.2352125197649002,
            -0.44086289405822754,
            0.8662079572677612,
            -0.16521614789962769
          ],
          [
            -0.14241640269756317,
            -0.8972246646881104,
            -0.41797736287117004,
            1.8974655866622925
          ],
          [
            0.0,
            0.0,
            0.0,
            1.0
          ]
        ],
        "matrix_basis": [
          [
            1.0,
            0.0,
            0.0,
            0.0
          ],
          [
            0.0,
            1.0,
            0.0,
            0.0
          ],
          [
            0.0,
            0.0,
            1.0,
            0.0
          ],
          [
            0.0,
            0.0,
            0.0,
            1.0
          ]
        ]
      },
      "nose.001": {
        "head": [
          4.359893500804901e-05,
          -0.17850424349308014,
          1.8704222440719604
        ],
        "tail": [
          -1.2005330063402653e-10,
          -0.1908206045627594,
          1.8428981304168701
        ],
        "length": 0.03015412949025631,
        "scale": [
          1.0,
          1.0,
          1.0
        ],
        "rotation_euler": [
          0.0,
          0.0,
          0.0
        ],
        "location": [
          0.0,
          0.0,
          0.0
        ],
        "parent": "nose",
        "children": [
          "nose.002"
        ],
        "matrix": [
          [
            0.9654449820518494,
            -0.00144587317481637,
            0.2606028914451599,
            4.359893500804901e-05
          ],
          [
            -0.23844464123249054,
            -0.4084467887878418,
            0.8810883164405823,
            -0.17850424349308014
          ],
          [
            0.10516860336065292,
            -0.91278076171875,
            -0.39467766880989075,
            1.8704222440719604
          ],
          [
            0.0,
            0.0,
            0.0,
            1.0
          ]
        ],
        "matrix_basis": [
          [
            1.0,
            0.0,
            0.0,
            0.0
          ],
          [
            0.0,
            1.0,
            0.0,
            0.0
          ],
          [
            0.0,
            0.0,
            1.0,
            0.0
          ],
          [
            0.0,
            0.0,
            0.0,
            1.0
          ]
        ]
      },
      "nose.002": {
        "head": [
          -1.2005330063402653e-10,
          -0.1908206045627594,
          1.8428981304168701
        ],
        "tail": [
          1.2084766520814583e-09,
          -0.17272423207759857,
          1.829885721206665
        ],
        "length": 0.02228904329240322,
        "scale": [
          1.0,
          1.0,
          1.0
        ],
        "rotation_euler": [
          0.0,
          0.0,
          0.0
        ],
        "location": [
          0.0,
          0.0,
          0.0
        ],
        "parent": "nose.001",
        "children": [
          "nose.003"
        ],
        "matrix": [
          [
            0.999970018863678,
            5.960464477539063e-08,
            -0.007736608386039734,
            -1.2005330063402653e-10
          ],
          [
            0.00451621413230896,
            0.8118958473205566,
            0.5837859511375427,
            -0.1908206045627594
          ],
          [
            0.006281435489654541,
            -0.5838032960891724,
            0.8118705749511719,
            1.8428981304168701
          ],
          [
            0.0,
            0.0,
            0.0,
            1.0
          ]
        ],
        "matrix_basis": [
          [
            1.0,
            0.0,
            0.0,
            0.0
          ],
          [
            0.0,
            1.0,
            0.0,
            0.0
          ],
          [
            0.0,
            0.0,
            1.0,
            0.0
          ],
          [
            0.0,
            0.0,
            0.0,
            1.0
          ]
        ]
      },
      "nose.003": {
        "head": [
          1.2084766520814583e-09,
          -0.17272423207759857,
          1.829885721206665
        ],
        "tail": [
          -7.441600610036403e-05,
          -0.17182645201683044,
          1.827835202217102
        ],
        "length": 0.002239682013168931,
        "scale": [
          1.0,
          1.0,
          1.0
        ],
        "rotation_euler": [
          0.0,
          0.0,
          0.0
        ],
        "location": [
          0.0,
          0.0,
          0.0
        ],
        "parent": "nose.002",
        "children": [
          "nose.004"
        ],
        "matrix": [
          [
            0.9712766408920288,
            -0.03322669491171837,
            0.23562118411064148,
            1.2084766520814583e-09
          ],
          [
            -0.20300894975662231,
            0.4008515477180481,
            0.893368124961853,
            -0.17272423207759857
          ],
          [
            -0.12413252145051956,
            -0.915540337562561,
            0.38259178400039673,
            1.829885721206665
          ],
          [
            0.0,
            0.0,
            0.0,
            1.0
          ]
        ],
        "matrix_basis": [
          [
            1.0,
            0.0,
            0.0,
            0.0
          ],
          [
            0.0,
            1.0,
            0.0,
            0.0
          ],
          [
            0.0,
            0.0,
            1.0,
            0.0
          ],
          [
            0.0,
            0.0,
            0.0,
            1.0
          ]
        ]
      },
      "nose.004": {
        "head": [
          -7.441600610036403e-05,
          -0.17182645201683044,
          1.827835202217102
        ],
        "tail": [
          4.146341234445572e-05,
          -0.1731976568698883,
          1.8136030435562134
        ],
        "length": 0.014298530295491219,
        "scale": [
          1.0,
          1.0,
          1.0
        ],
        "rotation_euler": [
          0.0,
          0.0,
          0.0
        ],
        "location": [
          0.0,
          0.0,
          0.0
        ],
        "parent": "nose.003",
        "children": [],
        "matrix": [
          [
            0.9999669194221497,
            0.008104287087917328,
            0.00030638277530670166,
            -7.441600610036403e-05
          ],
          [
            0.00047184526920318604,
            -0.09589830040931702,
            0.9953915476799011,
            -0.17182645201683044
          ],
          [
            0.008096396923065186,
            -0.9953577518463135,
            -0.0958993136882782,
            1.827835202217102
          ],
          [
            0.0,
            0.0,
            0.0,
            1.0
          ]
        ],
        "matrix_basis": [
          [
            1.0,
            0.0,
            0.0,
            0.0
          ],
          [
            0.0,
            1.0,
            0.0,
            0.0
          ],
          [
            0.0,
            0.0,
            1.0,
            0.0
          ],
          [
            0.0,
            0.0,
            0.0,
            1.0
          ]
        ]
      },
      "lip.T.L": {
        "head": [
          -0.00011361509677954018,
          -0.1738850474357605,
          1.8114333152770996
        ],
        "tail": [
          0.01754114218056202,
          -0.16780000925064087,
          1.8088299036026
        ],
        "length": 0.018854599446058273,
        "scale": [
          1.0,
          1.0,
          1.0
        ],
        "rotation_euler": [
          0.0,
          0.0,
          0.0
        ],
        "location": [
          0.0,
          0.0,
          0.0
        ],
        "parent": "face",
        "children": [
          "lip.T.L.001"
        ],
        "matrix": [
          [
            0.3222852945327759,
            0.9363633394241333,
            0.13912466168403625,
            -0.00011361509677954018
          ],
          [
            -0.9462791681289673,
            0.32273486256599426,
            0.019943533465266228,
            -0.1738850474357605
          ],
          [
            -0.026225892826914787,
            -0.13807831704616547,
            0.9900737404823303,
            1.8114333152770996
          ],
          [
            0.0,
            0.0,
            0.0,
            1.0
          ]
        ],
        "matrix_basis": [
          [
            1.0,
            0.0,
            0.0,
            0.0
          ],
          [
            0.0,
            1.0,
            0.0,
            0.0
          ],
          [
            0.0,
            0.0,
            1.0,
            0.0
          ],
          [
            0.0,
            0.0,
            0.0,
            1.0
          ]
        ]
      },
      "lip.T.L.001": {
        "head": [
          0.01754114218056202,
          -0.16780000925064087,
          1.8088299036026
        ],
        "tail": [
          0.032132700085639954,
          -0.1520259529352188,
          1.8003368377685547
        ],
        "length": 0.023105552420020103,
        "scale": [
          1.0,
          1.0,
          1.0
        ],
        "rotation_euler": [
          0.0,
          0.0,
          0.0
        ],
        "location": [
          0.0,
          0.0,
          0.0
        ],
        "parent": "lip.T.L",
        "children": [],
        "matrix": [
          [
            0.7541969418525696,
            0.6315171718597412,
            0.1799241602420807,
            0.01754114218056202
          ],
          [
            -0.6508736610412598,
            0.6826952695846558,
            0.3321000337600708,
            -0.16780000925064087
          ],
          [
            0.08689357340335846,
            -0.3675767481327057,
            0.9259245991706848,
            1.8088299036026
          ],
          [
            0.0,
            0.0,
            0.0,
            1.0
          ]
        ],
        "matrix_basis": [
          [
            1.0,
            0.0,
            0.0,
            0.0
          ],
          [
            0.0,
            1.0,
            0.0,
            0.0
          ],
          [
            0.0,
            0.0,
            1.0,
            0.0
          ],
          [
            0.0,
            0.0,
            0.0,
            1.0
          ]
        ]
      },
      "lip.B.L": {
        "head": [
          0.00025314296362921596,
          -0.1689731478691101,
          1.7908709049224854
        ],
        "tail": [
          0.017917875200510025,
          -0.16254720091819763,
          1.792565941810608
        ],
        "length": 0.018873492255806923,
        "scale": [
          1.0,
          1.0,
          1.0
        ],
        "rotation_euler": [
          0.0,
          0.0,
          0.0
        ],
        "location": [
          0.0,
          0.0,
          0.0
        ],
        "parent": "face",
        "children": [
          "lip.B.L.001"
        ],
        "matrix": [
          [
            0.3471086621284485,
            0.9359545707702637,
            -0.05919896066188812,
            0.00025314296362921596
          ],
          [
            -0.9349978566169739,
            0.3404746651649475,
            -0.09927602857351303,
            -0.1689731478691101
          ],
          [
            -0.07276201248168945,
            0.08981040120124817,
            0.9932971596717834,
            1.7908709049224854
          ],
          [
            0.0,
            0.0,
            0.0,
            1.0
          ]
        ],
        "matrix_basis": [
          [
            1.0,
            0.0,
            0.0,
            0.0
          ],
          [
            0.0,
            1.0,
            0.0,
            0.0
          ],
          [
            0.0,
            0.0,
            1.0,
            0.0
          ],
          [
            0.0,
            0.0,
            0.0,
            1.0
          ]
        ]
      },
      "lip.B.L.001": {
        "head": [
          0.017917875200510025,
          -0.16254720091819763,
          1.792565941810608
        ],
        "tail": [
          0.03213270381093025,
          -0.1520259529352188,
          1.8003368377685547
        ],
        "length": 0.019316956400871277,
        "scale": [
          1.0,
          1.0,
          1.0
        ],
        "rotation_euler": [
          0.0,
          0.0,
          0.0
        ],
        "location": [
          0.0,
          0.0,
          0.0
        ],
        "parent": "lip.B.L",
        "children": [],
        "matrix": [
          [
            0.6359249353408813,
            0.7358729243278503,
            -0.23257321119308472,
            0.017917875200510025
          ],
          [
            -0.7599741220474243,
            0.5446637272834778,
            -0.35465508699417114,
            -0.16254720091819763
          ],
          [
            -0.13430684804916382,
            0.40228354930877686,
            0.9056097269058228,
            1.792565941810608
          ],
          [
            0.0,
            0.0,
            0.0,
            1.0
          ]
        ],
        "matrix_basis": [
          [
            1.0,
            0.0,
            0.0,
            0.0
          ],
          [
            0.0,
            1.0,
            0.0,
            0.0
          ],
          [
            0.0,
            0.0,
            1.0,
            0.0
          ],
          [
            0.0,
            0.0,
            0.0,
            1.0
          ]
        ]
      },
      "jaw": {
        "head": [
          0.0007867878885008395,
          -0.10256963223218918,
          1.7342383861541748
        ],
        "tail": [
          -2.0817387849092484e-06,
          -0.1542751044034958,
          1.7499735355377197
        ],
        "length": 0.054052501916885376,
        "scale": [
          1.0,
          1.0,
          1.0
        ],
        "rotation_euler": [
          0.0,
          0.0,
          0.0
        ],
        "location": [
          0.0,
          0.0,
          0.0
        ],
        "parent": "face",
        "children": [
          "chin"
        ],
        "matrix": [
          [
            0.9998801946640015,
            -0.014594506472349167,
            -0.005134208127856255,
            0.0007867878885008395
          ],
          [
            -0.015457025729119778,
            -0.9565787315368652,
            -0.2910637855529785,
            -0.10256963223218918
          ],
          [
            -0.0006633377633988857,
            0.2911083400249481,
            -0.9566895961761475,
            1.7342383861541748
          ],
          [
            0.0,
            0.0,
            0.0,
            1.0
          ]
        ],
        "matrix_basis": [
          [
            1.0,
            0.0,
            0.0,
            0.0
          ],
          [
            0.0,
            1.0,
            0.0,
            0.0
          ],
          [
            0.0,
            0.0,
            1.0,
            0.0
          ],
          [
            0.0,
            0.0,
            0.0,
            1.0
          ]
        ]
      },
      "chin": {
        "head": [
          -2.0817387849092484e-06,
          -0.1542751044034958,
          1.7499735355377197
        ],
        "tail": [
          0.0002514548832550645,
          -0.1605428159236908,
          1.7784593105316162
        ],
        "length": 0.02916826866567135,
        "scale": [
          1.0,
          1.0,
          1.0
        ],
        "rotation_euler": [
          0.0,
          0.0,
          0.0
        ],
        "location": [
          0.0,
          0.0,
          0.0
        ],
        "parent": "jaw",
        "children": [
          "chin.001"
        ],
        "matrix": [
          [
            0.9999595880508423,
            0.008692204020917416,
            0.002220295602455735,
            -2.0817387849092484e-06
          ],
          [
            0.004036371596157551,
            -0.21488115191459656,
            -0.9766318798065186,
            -0.1542751044034958
          ],
          [
            -0.008011981844902039,
            0.9766013622283936,
            -0.21490740776062012,
            1.7499735355377197
          ],
          [
            0.0,
            0.0,
            0.0,
            1.0
          ]
        ],
        "matrix_basis": [
          [
            1.0,
            0.0,
            0.0,
            0.0
          ],
          [
            0.0,
            1.0,
            0.0,
            0.0
          ],
          [
            0.0,
            0.0,
            1.0,
            0.0
          ],
          [
            0.0,
            0.0,
            0.0,
            1.0
          ]
        ]
      },
      "chin.001": {
        "head": [
          0.0002514548832550645,
          -0.1605428159236908,
          1.7784593105316162
        ],
        "tail": [
          8.940922270994633e-05,
          -0.16828733682632446,
          1.7892875671386719
        ],
        "length": 0.013313714414834976,
        "scale": [
          1.0,
          1.0,
          1.0
        ],
        "rotation_euler": [
          0.0,
          0.0,
          0.0
        ],
        "location": [
          0.0,
          0.0,
          0.0
        ],
        "parent": "chin",
        "children": [],
        "matrix": [
          [
            0.9999241828918457,
            -0.01217133179306984,
            -0.001776248449459672,
            0.0002514548832550645
          ],
          [
            -0.008525373414158821,
            -0.5816949009895325,
            -0.8133624792098999,
            -0.1605428159236908
          ],
          [
            0.00886647216975689,
            0.8133159875869751,
            -0.5817544460296631,
            1.7784593105316162
          ],
          [
            0.0,
            0.0,
            0.0,
            1.0
          ]
        ],
        "matrix_basis": [
          [
            1.0,
            0.0,
            0.0,
            0.0
          ],
          [
            0.0,
            1.0,
            0.0,
            0.0
          ],
          [
            0.0,
            0.0,
            1.0,
            0.0
          ],
          [
            0.0,
            0.0,
            0.0,
            1.0
          ]
        ]
      },
      "ear.L": {
        "head": [
          0.0973418802022934,
          -0.05200817435979843,
          1.8587355613708496
        ],
        "tail": [
          0.10687050968408585,
          -0.04522918164730072,
          1.8906196355819702
        ],
        "length": 0.033960916101932526,
        "scale": [
          1.0,
          1.0,
          1.0
        ],
        "rotation_euler": [
          0.0,
          0.0,
          0.0
        ],
        "location": [
          0.0,
          0.0,
          0.0
        ],
        "parent": "face",
        "children": [
          "ear.L.001"
        ],
        "matrix": [
          [
            0.9398704767227173,
            0.28057631850242615,
            -0.19473156332969666,
            0.0973418802022934
          ],
          [
            -0.255581796169281,
            0.19961155951023102,
            -0.9459561109542847,
            -0.05200817435979843
          ],
          [
            -0.2265421450138092,
            0.9388459920883179,
            0.2593192458152771,
            1.8587355613708496
          ],
          [
            0.0,
            0.0,
            0.0,
            1.0
          ]
        ],
        "matrix_basis": [
          [
            1.0,
            0.0,
            0.0,
            0.0
          ],
          [
            0.0,
            1.0,
            0.0,
            0.0
          ],
          [
            0.0,
            0.0,
            1.0,
            0.0
          ],
          [
            0.0,
            0.0,
            0.0,
            1.0
          ]
        ]
      },
      "ear.L.001": {
        "head": [
          0.10687050968408585,
          -0.04522918164730072,
          1.8906196355819702
        ],
        "tail": [
          0.11478476971387863,
          -0.01758723333477974,
          1.891975998878479
        ],
        "length": 0.02878458797931671,
        "scale": [
          1.0,
          1.0,
          1.0
        ],
        "rotation_euler": [
          0.0,
          0.0,
          0.0
        ],
        "location": [
          0.0,
          0.0,
          0.0
        ],
        "parent": "ear.L",
        "children": [
          "ear.L.002"
        ],
        "matrix": [
          [
            0.9539097547531128,
            0.27494779229164124,
            0.12024863064289093,
            0.10687050968408585
          ],
          [
            -0.26633143424987793,
            0.9603036046028137,
            -0.08297131955623627,
            -0.04522918164730072
          ],
          [
            -0.13828787207603455,
            0.04712118208408356,
            0.9892702698707581,
            1.8906196355819702
          ],
          [
            0.0,
            0.0,
            0.0,
            1.0
          ]
        ],
        "matrix_basis": [
          [
            1.0,
            0.0,
            0.0,
            0.0
          ],
          [
            0.0,
            1.0,
            0.0,
            0.0
          ],
          [
            0.0,
            0.0,
            1.0,
            0.0
          ],
          [
            0.0,
            0.0,
            0.0,
            1.0
          ]
        ]
      },
      "ear.L.002": {
        "head": [
          0.11478476971387863,
          -0.01758723333477974,
          1.891975998878479
        ],
        "tail": [
          0.11015647649765015,
          -0.017037227749824524,
          1.8516615629196167
        ],
        "length": 0.040582966059446335,
        "scale": [
          1.0,
          1.0,
          1.0
        ],
        "rotation_euler": [
          0.0,
          0.0,
          0.0
        ],
        "location": [
          0.0,
          0.0,
          0.0
        ],
        "parent": "ear.L.001",
        "children": [
          "ear.L.003"
        ],
        "matrix": [
          [
            0.9934685230255127,
            -0.11404519528150558,
            0.003723565489053726,
            0.11478476971387863
          ],
          [
            -0.0021918939892202616,
            0.013552621006965637,
            0.9999054670333862,
            -0.01758723333477974
          ],
          [
            -0.11408479511737823,
            -0.9933828711509705,
            0.013214252889156342,
            1.891975998878479
          ],
          [
            0.0,
            0.0,
            0.0,
            1.0
          ]
        ],
        "matrix_basis": [
          [
            1.0,
            0.0,
            0.0,
            0.0
          ],
          [
            0.0,
            1.0,
            0.0,
            0.0
          ],
          [
            0.0,
            0.0,
            1.0,
            0.0
          ],
          [
            0.0,
            0.0,
            0.0,
            1.0
          ]
        ]
      },
      "ear.L.003": {
        "head": [
          0.11015647649765015,
          -0.017037227749824524,
          1.8516615629196167
        ],
        "tail": [
          0.0919673889875412,
          -0.04758858680725098,
          1.8243268728256226
        ],
        "length": 0.044848788529634476,
        "scale": [
          1.0,
          1.0,
          1.0
        ],
        "rotation_euler": [
          0.0,
          0.0,
          0.0
        ],
        "location": [
          0.0,
          0.0,
          0.0
        ],
        "parent": "ear.L.002",
        "children": [
          "ear.L.004"
        ],
        "matrix": [
          [
            0.6598830223083496,
            -0.40556472539901733,
            -0.632512092590332,
            0.11015647649765015
          ],
          [
            0.24320071935653687,
            -0.681208074092865,
            0.6905131936073303,
            -0.017037227749824524
          ],
          [
            -0.7109200954437256,
            -0.6094854474067688,
            -0.35088393092155457,
            1.8516615629196167
          ],
          [
            0.0,
            0.0,
            0.0,
            1.0
          ]
        ],
        "matrix_basis": [
          [
            1.0,
            0.0,
            0.0,
            0.0
          ],
          [
            0.0,
            1.0,
            0.0,
            0.0
          ],
          [
            0.0,
            0.0,
            1.0,
            0.0
          ],
          [
            0.0,
            0.0,
            0.0,
            1.0
          ]
        ]
      },
      "ear.L.004": {
        "head": [
          0.0919673889875412,
          -0.04758858680725098,
          1.8243268728256226
        ],
        "tail": [
          0.09726928174495697,
          -0.051977191120386124,
          1.858159065246582
        ],
        "length": 0.03452516719698906,
        "scale": [
          1.0,
          1.0,
          1.0
        ],
        "rotation_euler": [
          0.0,
          0.0,
          0.0
        ],
        "location": [
          0.0,
          0.0,
          0.0
        ],
        "parent": "ear.L.003",
        "children": [],
        "matrix": [
          [
            0.4402198791503906,
            0.15356597304344177,
            0.8846604824066162,
            0.0919673889875412
          ],
          [
            0.8966420292854309,
            -0.12711313366889954,
            -0.4241166114807129,
            -0.04758858680725098
          ],
          [
            0.047322168946266174,
            0.9799283742904663,
            -0.19365134835243225,
            1.8243268728256226
          ],
          [
            0.0,
            0.0,
            0.0,
            1.0
          ]
        ],
        "matrix_basis": [
          [
            1.0,
            0.0,
            0.0,
            0.0
          ],
          [
            0.0,
            1.0,
            0.0,
            0.0
          ],
          [
            0.0,
            0.0,
            1.0,
            0.0
          ],
          [
            0.0,
            0.0,
            0.0,
            1.0
          ]
        ]
      },
      "ear.R": {
        "head": [
          -0.0973418802022934,
          -0.05200817435979843,
          1.8587355613708496
        ],
        "tail": [
          -0.10687050968408585,
          -0.04522918164730072,
          1.8906196355819702
        ],
        "length": 0.033960916101932526,
        "scale": [
          1.0,
          1.0,
          1.0
        ],
        "rotation_euler": [
          0.0,
          0.0,
          0.0
        ],
        "location": [
          0.0,
          0.0,
          0.0
        ],
        "parent": "face",
        "children": [
          "ear.R.001"
        ],
        "matrix": [
          [
            0.9398704767227173,
            -0.28057631850242615,
            0.19473156332969666,
            -0.0973418802022934
          ],
          [
            0.255581796169281,
            0.19961155951023102,
            -0.9459561109542847,
            -0.05200817435979843
          ],
          [
            0.2265421450138092,
            0.9388459920883179,
            0.2593192458152771,
            1.8587355613708496
          ],
          [
            0.0,
            0.0,
            0.0,
            1.0
          ]
        ],
        "matrix_basis": [
          [
            1.0,
            0.0,
            0.0,
            0.0
          ],
          [
            0.0,
            1.0,
            0.0,
            0.0
          ],
          [
            0.0,
            0.0,
            1.0,
            0.0
          ],
          [
            0.0,
            0.0,
            0.0,
            1.0
          ]
        ]
      },
      "ear.R.001": {
        "head": [
          -0.10687050968408585,
          -0.04522918164730072,
          1.8906196355819702
        ],
        "tail": [
          -0.11478476971387863,
          -0.01758723333477974,
          1.891975998878479
        ],
        "length": 0.02878458797931671,
        "scale": [
          1.0,
          1.0,
          1.0
        ],
        "rotation_euler": [
          0.0,
          0.0,
          0.0
        ],
        "location": [
          0.0,
          0.0,
          0.0
        ],
        "parent": "ear.R",
        "children": [
          "ear.R.002"
        ],
        "matrix": [
          [
            0.9539097547531128,
            -0.27494779229164124,
            -0.12024863064289093,
            -0.10687050968408585
          ],
          [
            0.26633143424987793,
            0.9603036046028137,
            -0.08297131955623627,
            -0.04522918164730072
          ],
          [
            0.13828787207603455,
            0.04712118208408356,
            0.9892702698707581,
            1.8906196355819702
          ],
          [
            0.0,
            0.0,
            0.0,
            1.0
          ]
        ],
        "matrix_basis": [
          [
            1.0,
            0.0,
            0.0,
            0.0
          ],
          [
            0.0,
            1.0,
            0.0,
            0.0
          ],
          [
            0.0,
            0.0,
            1.0,
            0.0
          ],
          [
            0.0,
            0.0,
            0.0,
            1.0
          ]
        ]
      },
      "ear.R.002": {
        "head": [
          -0.11478476971387863,
          -0.01758723333477974,
          1.891975998878479
        ],
        "tail": [
          -0.11015647649765015,
          -0.017037227749824524,
          1.8516615629196167
        ],
        "length": 0.040582966059446335,
        "scale": [
          1.0,
          1.0,
          1.0
        ],
        "rotation_euler": [
          0.0,
          0.0,
          0.0
        ],
        "location": [
          0.0,
          0.0,
          0.0
        ],
        "parent": "ear.R.001",
        "children": [
          "ear.R.003"
        ],
        "matrix": [
          [
            0.9934685230255127,
            0.11404519528150558,
            -0.003723565489053726,
            -0.11478476971387863
          ],
          [
            0.0021918939892202616,
            0.013552621006965637,
            0.9999054670333862,
            -0.01758723333477974
          ],
          [
            0.11408479511737823,
            -0.9933828711509705,
            0.013214252889156342,
            1.891975998878479
          ],
          [
            0.0,
            0.0,
            0.0,
            1.0
          ]
        ],
        "matrix_basis": [
          [
            1.0,
            0.0,
            0.0,
            0.0
          ],
          [
            0.0,
            1.0,
            0.0,
            0.0
          ],
          [
            0.0,
            0.0,
            1.0,
            0.0
          ],
          [
            0.0,
            0.0,
            0.0,
            1.0
          ]
        ]
      },
      "ear.R.003": {
        "head": [
          -0.11015647649765015,
          -0.017037227749824524,
          1.8516615629196167
        ],
        "tail": [
          -0.0919673889875412,
          -0.04758858680725098,
          1.8243268728256226
        ],
        "length": 0.044848788529634476,
        "scale": [
          1.0,
          1.0,
          1.0
        ],
        "rotation_euler": [
          0.0,
          0.0,
          0.0
        ],
        "location": [
          0.0,
          0.0,
          0.0
        ],
        "parent": "ear.R.002",
        "children": [
          "ear.R.004"
        ],
        "matrix": [
          [
            0.6598830223083496,
            0.40556472539901733,
            0.632512092590332,
            -0.11015647649765015
          ],
          [
            -0.24320071935653687,
            -0.681208074092865,
            0.6905131936073303,
            -0.017037227749824524
          ],
          [
            0.7109200954437256,
            -0.6094854474067688,
            -0.35088393092155457,
            1.8516615629196167
          ],
          [
            0.0,
            0.0,
            0.0,
            1.0
          ]
        ],
        "matrix_basis": [
          [
            1.0,
            0.0,
            0.0,
            0.0
          ],
          [
            0.0,
            1.0,
            0.0,
            0.0
          ],
          [
            0.0,
            0.0,
            1.0,
            0.0
          ],
          [
            0.0,
            0.0,
            0.0,
            1.0
          ]
        ]
      },
      "ear.R.004": {
        "head": [
          -0.0919673889875412,
          -0.04758858680725098,
          1.8243268728256226
        ],
        "tail": [
          -0.09726928174495697,
          -0.051977191120386124,
          1.858159065246582
        ],
        "length": 0.03452516719698906,
        "scale": [
          1.0,
          1.0,
          1.0
        ],
        "rotation_euler": [
          0.0,
          0.0,
          0.0
        ],
        "location": [
          0.0,
          0.0,
          0.0
        ],
        "parent": "ear.R.003",
        "children": [],
        "matrix": [
          [
            0.4402198791503906,
            -0.15356597304344177,
            -0.8846604824066162,
            -0.0919673889875412
          ],
          [
            -0.8966420292854309,
            -0.12711313366889954,
            -0.4241166114807129,
            -0.04758858680725098
          ],
          [
            -0.047322168946266174,
            0.9799283742904663,
            -0.19365134835243225,
            1.8243268728256226
          ],
          [
            0.0,
            0.0,
            0.0,
            1.0
          ]
        ],
        "matrix_basis": [
          [
            1.0,
            0.0,
            0.0,
            0.0
          ],
          [
            0.0,
            1.0,
            0.0,
            0.0
          ],
          [
            0.0,
            0.0,
            1.0,
            0.0
          ],
          [
            0.0,
            0.0,
            0.0,
            1.0
          ]
        ]
      },
      "lip.T.R": {
        "head": [
          0.00011361509677954018,
          -0.1738850474357605,
          1.8114333152770996
        ],
        "tail": [
          -0.01754114218056202,
          -0.16780000925064087,
          1.8088299036026
        ],
        "length": 0.018854599446058273,
        "scale": [
          1.0,
          1.0,
          1.0
        ],
        "rotation_euler": [
          0.0,
          0.0,
          0.0
        ],
        "location": [
          0.0,
          0.0,
          0.0
        ],
        "parent": "face",
        "children": [
          "lip.T.R.001"
        ],
        "matrix": [
          [
            0.3222852945327759,
            -0.9363633394241333,
            -0.13912466168403625,
            0.00011361509677954018
          ],
          [
            0.9462791681289673,
            0.32273486256599426,
            0.019943533465266228,
            -0.1738850474357605
          ],
          [
            0.026225892826914787,
            -0.13807831704616547,
            0.9900737404823303,
            1.8114333152770996
          ],
          [
            0.0,
            0.0,
            0.0,
            1.0
          ]
        ],
        "matrix_basis": [
          [
            1.0,
            0.0,
            0.0,
            0.0
          ],
          [
            0.0,
            1.0,
            0.0,
            0.0
